city,subregion,parking,population,lat,lon,region,cumulative_population,cumulative_parking
New York,New York,11.1,8467513,40.7127281,-74.0060152,us,8467513,11.1
Los Angeles,California,109.8,3849297,34.0536909,-118.242766,us,12316810,120.9
Chicago,Illinois,49.8,2696555,41.8755616,-87.6244212,us,15013365,170.7
Houston,Texas,167.2,2288250,29.7589382,-95.3676974,us,17301615,337.9
Phoenix,Arizona,166.3,1624569,33.4484367,-112.074141,us,18926184,504.2
Philadelphia,Pennsylvania,97.2,1576251,39.9527237,-75.1635262,us,20502435,601.4
San Antonio,Texas,131.1,1451853,29.4246002,-98.4951405,us,21954288,732.5
San Diego,California,98.7,1381611,32.7174202,-117.1627728,us,23335899,831.3
Dallas,Texas,171.4,1288457,32.7762719,-96.7968559,us,24624356,1002.7
San Jose,California,95.8,983489,37.3361663,-121.890591,us,25607845,1098.4
Austin,Texas,62.7,964177,30.2711286,-97.7436995,us,26572022,1161.1
Jacksonville,Florida,85.1,954614,30.3321838,-81.655651,us,27526636,1246.2
Fort Worth,Texas,92.4,935508,32.753177,-97.3327459,us,28462144,1338.6
Columbus,Ohio,214.1,906528,39.9622601,-83.0007065,us,29368672,1552.7
Indianapolis,Indiana,349.9,882039,39.7683331,-86.1583502,us,30250711,1902.6
Charlotte,North Carolina,102.6,879709,35.2272086,-80.8430827,us,31130420,2005.2
San Francisco,California,60.6,815201,37.7790262,-122.419906,us,31945621,2065.8
Seattle,Washington,64.6,733919,47.6038321,-122.330062,us,32679540,2130.3
Denver,Colorado,185.2,711463,39.7392364,-104.984862,us,33391003,2315.5
Oklahoma City,Oklahoma,120.1,687725,35.4729886,-97.5170536,us,34078728,2435.7
Nashville,Tennessee,185.3,678851,36.1622767,-86.7742984,us,34757579,2620.9
El Paso,Texas,4.3,678415,31.7865623,-106.441207,us,35435994,2625.3
Washington,District of Columbia,34.4,670050,38.8950368,-77.0365427,us,36106044,2659.6
Boston,Massachusetts,88.1,654776,42.3554334,-71.060511,us,36760820,2747.7
Las Vegas,Nevada,115.7,646790,36.1672559,-115.148516,us,37407610,2863.4
Portland,Oregon,120.4,641162,45.5202471,-122.674194,us,38048772,2983.8
Detroit,Michigan,224.4,632464,42.3315509,-83.0466403,us,38681236,3208.2
Louisville,Kentucky,147.7,628594,38.2542376,-85.759407,us,39309830,3355.9
Memphis,Tennessee,75.5,628127,35.1460249,-90.0517638,us,39937957,3431.4
Baltimore,Maryland,124.9,576498,39.2908816,-76.610759,us,40514455,3556.2
Milwaukee,Wisconsin,183.5,569330,43.0349931,-87.922497,us,41083785,3739.8
Albuquerque,New Mexico,133.0,562599,35.084386,-106.650424,us,41646384,3872.8
Fresno,California,95.7,544510,36.7394421,-119.7848307,us,42190894,3968.5
Tucson,Arizona,190.4,543242,32.2228765,-110.9748477,us,42734136,4158.9
Sacramento,California,101.5,525041,38.5810606,-121.493895,us,43259177,4260.4
Mesa,Arizona,49.2,509475,33.4151005,-111.8314552,us,43768652,4309.6
Kansas City,Missouri,220.8,508394,39.100105,-94.5781416,us,44277046,4530.3
Atlanta,Georgia,113.4,496461,33.7489924,-84.3902644,us,44773507,4643.8
Omaha,Nebraska,146.8,487300,41.2587459,-95.9383758,us,45260807,4790.5
Colorado Springs,Colorado,90.8,483956,38.8339578,-104.825348,us,45744763,4881.3
Raleigh,North Carolina,151.5,469124,35.7803977,-78.6390989,us,46213887,5032.8
Virginia Beach,Virginia,65.9,457672,36.8529841,-75.9774183,us,46671559,5098.8
Long Beach,California,68.2,456062,33.7690164,-118.191604,us,47127621,5167.0
Miami,Florida,66.3,439890,25.7741728,-80.19362,us,47567511,5233.3
Oakland,California,122.9,433823,37.8044557,-122.271356,us,48001334,5356.2
Minneapolis,Minnesota,131.6,425336,44.9772995,-93.2654692,us,48426670,5487.8
Tulsa,Oklahoma,169.5,411401,36.1563122,-95.9927516,us,48838071,5657.3
Bakersfield,California,53.2,407615,35.3738712,-119.0194639,us,49245686,5710.5
Wichita,Kansas,109.7,395699,37.6922361,-97.3375448,us,49641385,5820.2
Arlington,Texas,104.5,392786,32.7355816,-97.1071186,us,50034171,5924.8
Aurora,Colorado,96.8,389347,39.7405111,-104.830994,us,50423518,6021.6
Tampa,Florida,157.9,387050,27.9477595,-82.458444,us,50810568,6179.4
New Orleans,Louisiana,21.5,376971,29.9759983,-90.0782127,us,51187539,6201.0
Cleveland,Ohio,182.8,367991,41.4996574,-81.6936772,us,51555530,6383.8
Anaheim,California,16.1,345940,33.8347516,-117.911732,us,51901470,6399.9
Honolulu,Hawaii,53.0,345510,21.304547,-157.855676,us,52246980,6452.8
Henderson,Nevada,38.8,322178,36.0301134,-114.9826194,us,52569158,6491.6
Stockton,California,14.4,322120,37.9577016,-121.2907796,us,52891278,6506.0
Lexington,Kentucky,89.7,321793,38.0464066,-84.4970393,us,53213071,6595.6
Corpus Christi,Texas,6.5,317773,27.7635302,-97.4033191,us,53530844,6602.1
Riverside,California,36.9,317261,33.9533546,-117.3961623,us,53848105,6639.0
Santa Ana,California,25.3,309441,33.7494951,-117.8732213,us,54157546,6664.3
Orlando,Florida,30.8,309154,28.5421109,-81.3790304,us,54466700,6695.1
Irvine,California,106.2,309031,33.6856969,-117.8259819,us,54775731,6801.3
Cincinnati,Ohio,193.2,308935,39.1014537,-84.5124602,us,55084666,6994.5
Newark,New Jersey,111.2,307220,40.735657,-74.1723667,us,55391886,7105.7
Saint Paul,Minnesota,217.4,307193,44.9497487,-93.0931028,us,55699079,7323.1
Pittsburgh,Pennsylvania,123.1,300431,40.4416941,-79.9900861,us,55999510,7446.2
Greensboro,North Carolina,57.1,298263,36.0726355,-79.7919754,us,56297773,7503.3
St. Louis,Missouri,235.6,293310,38.6280278,-90.1910154,us,56591083,7738.9
Lincoln,Nebraska,108.0,292657,40.8088861,-96.7077751,us,56883740,7847.0
Plano,Texas,32.3,288253,33.0136764,-96.6925096,us,57171993,7879.2
Anchorage,Alaska,122.3,288121,61.2163129,-149.894852,us,57460114,8001.5
Durham,North Carolina,83.1,285527,35.996653,-78.9018053,us,57745641,8084.6
Jersey City,New Jersey,128.5,283927,40.7215682,-74.047455,us,58029568,8213.2
Chandler,Arizona,42.0,279458,33.3062031,-111.8411851,us,58309026,8255.2
Chula Vista,California,32.4,277220,32.6400541,-117.0841955,us,58586246,8287.6
Buffalo,New York,170.6,276807,42.8867166,-78.8783922,us,58863053,8458.2
North Las Vegas,Nevada,5.9,274133,36.2005843,-115.121584,us,59137186,8464.0
Gilbert,Arizona,50.3,273136,33.3527632,-111.789037,us,59410322,8514.4
Madison,Wisconsin,70.8,269196,43.074761,-89.3837613,us,59679518,8585.2
Reno,Nevada,160.6,268851,39.5261206,-119.8126581,us,59948369,8745.8
Toledo,Ohio,183.2,268508,41.6529143,-83.5378173,us,60216877,8928.9
Fort Wayne,Indiana,100.7,265974,41.0799898,-85.1386015,us,60482851,9029.7
Lubbock,Texas,31.1,260993,33.5634402,-101.8792389,us,60743844,9060.8
St. Petersburg,Florida,49.1,258201,27.7703796,-82.6695085,us,61002045,9109.9
Laredo,Texas,2.0,256153,27.5236998,-99.497352,us,61258198,9112.0
Irving,Texas,4.0,254198,32.8295183,-96.9442177,us,61512396,9116.0
Chesapeake,Virginia,43.0,251269,36.7183708,-76.2466798,us,61763665,9159.0
Winston-Salem,North Carolina,81.7,250320,36.0998131,-80.2440518,us,62013985,9240.7
Glendale,Arizona,41.1,249630,33.5386858,-112.185994,us,62263615,9281.8
Scottsdale,Arizona,59.5,242753,33.4942189,-111.9260184,us,62506368,9341.4
Garland,Texas,49.4,242035,32.912624,-96.6388833,us,62748403,9390.8
Boise,Idaho,108.2,237446,43.6166163,-116.200886,us,62985849,9499.0
Norfolk,Virginia,119.5,235089,36.8448348,-76.2863999,us,63220938,9618.5
Spokane,Washington,133.3,229071,47.6571934,-117.42351,us,63450009,9751.8
Fremont,California,100.8,227514,37.5482697,-121.988571,us,63677523,9852.6
Richmond,Virginia,91.1,226604,37.5385087,-77.43428,us,63904127,9943.7
Santa Clarita,California,81.1,224593,34.4129,-118.554,us,64128720,10024.8
San Bernardino,California,0,222203,34.8253019,-116.0833144,us,64350923,10024.8
Baton Rouge,Louisiana,4.6,222185,30.4507936,-91.1391153,us,64573108,10029.3
Hialeah,Florida,22.4,220490,25.8575963,-80.2781057,us,64793598,10051.8
Tacoma,Washington,22.4,219205,47.2495798,-122.439874,us,65012803,10074.2
Modesto,California,19.0,218771,37.6390972,-120.9968782,us,65231574,10093.2
Port St. Lucie,Florida,0,217523,27.2939333,-80.3503283,us,65449097,10093.2
Huntsville,Alabama,160.9,216963,34.729847,-86.5859011,us,65666060,10254.1
Des Moines,Iowa,114.9,212031,41.5910323,-93.6046655,us,65878091,10369.0
Moreno Valley,California,6.6,211600,33.937517,-117.2305944,us,66089691,10375.6
Fontana,California,43.5,210761,34.0922335,-117.435048,us,66300452,10419.1
Frisco,Texas,70.4,210719,33.1506744,-96.8236116,us,66511171,10489.5
Rochester,New York,118.5,210606,43.157285,-77.615214,us,66721777,10608.1
Yonkers,New York,18.6,209530,40.9312099,-73.8987469,us,66931307,10626.6
Fayetteville,North Carolina,3.5,208778,35.0525759,-78.878292,us,67140085,10630.1
Worcester,Massachusetts,144.4,205918,42.2625621,-71.8018877,us,67346003,10774.5
Columbus,Georgia,48.7,205617,32.4610708,-84.9880449,us,67551620,10823.2
Cape Coral,Florida,32.3,204510,26.6059432,-81.9806771,us,67756130,10855.5
McKinney,Texas,24.8,202690,33.1976496,-96.6154471,us,67958820,10880.2
Little Rock,Arkansas,152.2,201998,34.7465071,-92.2896267,us,68160818,11032.4
Oxnard,California,21.1,201879,34.1976308,-119.1803818,us,68362697,11053.5
Amarillo,Texas,57.1,201234,35.2072185,-101.833824,us,68563931,11110.7
Augusta,Georgia,55.7,201196,33.4709714,-81.9748429,us,68765127,11166.4
Salt Lake City,Utah,115.2,200478,40.7596198,-111.886797,us,68965605,11281.6
Montgomery,Alabama,34.8,198665,32.3669656,-86.3006485,us,69164270,11316.4
Birmingham,Alabama,260.7,197575,33.5206824,-86.8024326,us,69361845,11577.1
Grand Rapids,Michigan,133.9,197416,42.9632405,-85.6678639,us,69559261,11711.0
Grand Prairie,Texas,41.4,197347,32.7459645,-96.9977846,us,69756608,11752.4
Overland Park,Kansas,17.0,197106,38.9742502,-94.6851702,us,69953714,11769.4
Tallahassee,Florida,62.5,197102,30.4380832,-84.2809332,us,70150816,11831.9
Huntington Beach,California,39.8,196652,33.6783336,-118.0000166,us,70347468,11871.7
Sioux Falls,South Dakota,90.2,196528,43.5488256,-96.7307737,us,70543996,11962.0
Peoria,Arizona,12.3,194917,33.5806115,-112.237294,us,70738913,11974.3
Knoxville,Tennessee,29.1,192648,35.9603948,-83.9210261,us,70931561,12003.3
Glendale,California,68.5,192366,34.1469416,-118.2478471,us,71123927,12071.8
Vancouver,Washington,49.0,192169,45.6306954,-122.6744557,us,71316096,12120.8
Providence,Rhode Island,166.7,189692,41.8239891,-71.4128343,us,71505788,12287.5
Akron,Ohio,228.6,189347,41.083064,-81.518485,us,71695135,12516.1
Brownsville,Texas,21.8,187831,25.9140277,-97.4890879,us,71882966,12537.8
Mobile,Alabama,41.4,184952,30.6867339,-88.0848929,us,72067918,12579.2
Newport News,Virginia,68.4,184587,36.9775016,-76.42977,us,72252505,12647.6
Tempe,Arizona,75.0,184118,33.4255117,-111.9400164,us,72436623,12722.6
Shreveport,Louisiana,51.3,184021,32.4707862,-93.7559378,us,72620644,12773.9
Chattanooga,Tennessee,232.4,182113,35.0457219,-85.3094883,us,72802757,13006.4
Fort Lauderdale,Florida,63.8,181668,26.1223084,-80.1433786,us,72984425,13070.1
Aurora,Illinois,52.2,179266,41.7571701,-88.3147539,us,73163691,13122.3
Elk Grove,California,4.3,178997,38.4087993,-121.3716178,us,73342688,13126.7
Ontario,California,15.1,177963,34.065846,-117.6484304,us,73520651,13141.7
Salem,Oregon,86.3,177723,44.9391565,-123.033121,us,73698374,13228.0
Cary,North Carolina,36.3,176987,35.7882893,-78.7812081,us,73875361,13264.3
Santa Rosa,California,78.3,176938,38.4404925,-122.7141049,us,74052299,13342.6
Rancho Cucamonga,California,86.8,175142,34.1033192,-117.5751735,us,74227441,13429.5
Eugene,Oregon,150.3,175096,44.0505054,-123.0950506,us,74402537,13579.7
Oceanside,California,34.3,172982,33.1958696,-117.3794834,us,74575519,13614.1
Clarksville,Tennessee,105.3,170957,36.5277607,-87.3588703,us,74746476,13719.4
Garden Grove,California,2.2,170488,33.7746292,-117.9463717,us,74916964,13721.5
Lancaster,California,55.6,170150,34.6981064,-118.1366153,us,75087114,13777.1
Springfield,Missouri,87.4,169724,37.1968298,-93.2946576,us,75256838,13864.4
Pembroke Pines,Florida,21.3,169391,26.0031465,-80.223937,us,75426229,13885.7
Fort Collins,Colorado,60.8,168538,40.5508527,-105.0668085,us,75594767,13946.5
Palmdale,California,16.5,165761,34.5793131,-118.1171108,us,75760528,13963.0
Salinas,California,69.3,162791,36.6744117,-121.6550372,us,75923319,14032.3
Hayward,California,34.8,159827,37.6688205,-122.080796,us,76083146,14067.1
Corona,California,19.0,159743,33.8752945,-117.5664449,us,76242889,14086.1
Paterson,New Jersey,48.8,157794,40.9167654,-74.171811,us,76400683,14134.9
Murfreesboro,Tennessee,143.0,157519,35.8460396,-86.3921096,us,76558202,14277.9
Macon,Georgia,12.0,156762,32.8406946,-83.6324022,us,76714964,14289.9
Lakewood,Colorado,109.1,156605,39.7085736,-105.0846694,us,76871569,14399.0
Killeen,Texas,23.9,156261,31.1171441,-97.727796,us,77027830,14422.9
Springfield,Massachusetts,107.7,154789,42.1018764,-72.5886727,us,77182619,14530.7
Alexandria,Virginia,64.5,154706,38.8051095,-77.0470229,us,77337325,14595.2
Kansas City,Kansas,95.4,154545,39.1134562,-94.626497,us,77491870,14690.6
Sunnyvale,California,63.8,152258,37.3688301,-122.036349,us,77644128,14754.3
Hollywood,Florida,15.4,152131,26.0112014,-80.1494901,us,77796259,14769.7
Roseville,California,56.8,151901,38.7521235,-121.2880059,us,77948160,14826.6
Charleston,South Carolina,34.3,151612,32.7884363,-79.9399309,us,78099772,14860.8
Escondido,California,60.5,150665,33.1216751,-117.0814849,us,78250437,14921.3
Joliet,Illinois,63.9,150372,41.5263603,-88.0840212,us,78400809,14985.2
Berlin,Germany,27.7,3677472,52.5170365,13.3888599,eu,3677472,27.7
Madrid,Spain,4.9,3305408,40.4167047,-3.7035825,eu,6982880,32.6
Rome,Italy,20.5,2761632,41.8933203,12.4829321,eu,9744512,53.1
Paris,France,2.4,2139907,48.8538,2.3485,eu,11884419,55.4
Vienna,Austria,17.4,1982442,48.2083537,16.3725042,eu,13866861,72.9
Warsaw,Poland,112.3,1863056,52.2319581,21.0067249,eu,15729917,185.2
Hamburg,Germany,44.3,1853935,53.550341,10.000654,eu,17583852,229.4
Bucharest,Romania,38.9,1716983,44.4361414,26.1027202,eu,19300835,268.3
Budapest,Hungary,44.6,1706851,47.48138955,19.14609413,eu,21007686,313.0
Barcelona,Spain,16.1,1636732,41.3828939,2.1774322,eu,22644418,329.1
Munich,Germany,13.5,1487708,48.1371079,11.5753822,eu,24132126,342.6
Milan,Italy,8.9,1371498,45.4641943,9.1896346,eu,25503624,351.5
Sofia,Bulgaria,40.8,1307439,42.6977028,23.3217359,eu,26811063,392.3
Prague,Czech Republic,18.9,1275406,50.0874654,14.4212535,eu,28086469,411.2
Cologne,Germany,47.5,1073096,50.938361,6.959974,eu,29159565,458.7
Stockholm,Sweden,13.8,978770,59.3251172,18.0710935,eu,30138335,472.5
Amsterdam,Netherlands,8.8,921402,52.3730796,4.8924534,eu,31059737,481.3
Naples,Italy,13.6,914758,40.8358846,14.2487679,eu,31974495,494.9
Marseille,France,9.1,870731,43.2961743,5.3699525,eu,32845226,504.0
Turin,Italy,13.6,848885,45.0677551,7.6824892,eu,33694111,517.6
Kraków,Poland,48.2,802583,50.0619474,19.9368564,eu,34496694,565.8
Valencia,Spain,14.2,789744,39.4697065,-0.3763353,eu,35286438,580.0
Zagreb,Croatia,48.5,769944,45.8131847,15.9771774,eu,36056382,628.5
Frankfurt am Main,Germany,8.8,759224,50.1106444,8.6820917,eu,36815606,637.3
Seville,Spain,20.5,684234,37.3886303,-5.9953403,eu,37499840,657.8
Zaragoza,Spain,25.4,675301,41.6521342,-0.8809428,eu,38175141,683.2
Wrocław,Poland,66.9,674312,51.1089776,17.0326689,eu,38849453,750.1
Łódź,Poland,151.8,664860,51.7687323,19.4569911,eu,39514313,901.9
Rotterdam,Netherlands,17.5,663945,51.9244424,4.47775,eu,40178258,919.4
Helsinki,Finland,27.0,658864,60.1674881,24.9427473,eu,40837122,946.4
Copenhagen,Denmark,30.3,644431,55.6867243,12.5700724,eu,41481553,976.7
Athens,Greece,11.9,637798,37.9839412,23.7283052,eu,42119351,988.7
Palermo,Italy,49.4,630828,38.1112268,13.3524434,eu,42750179,1038.1
Stuttgart,Germany,12.7,626275,48.7784485,9.1800132,eu,43376454,1050.8
Düsseldorf,Germany,21.4,619477,51.2254018,6.7763137,eu,43995931,1072.3
Riga,Latvia,63.5,611824,56.9493977,24.1051846,eu,44607755,1135.8
Leipzig,Germany,64.7,601866,51.3406321,12.3747329,eu,45209621,1200.5
Dublin,Ireland,31.6,588233,53.3498006,-6.2602964,eu,45797854,1232.1
Gothenburg,Sweden,47.2,587549,57.7072326,11.9670171,eu,46385403,1279.2
Dortmund,Germany,71.9,586852,51.5142273,7.4652789,eu,46972255,1351.1
Vilnius,Lithuania,56.6,581475,54.6870458,25.2829111,eu,47553730,1407.8
Essen,Germany,82.1,579432,51.4582235,7.0158171,eu,48133162,1489.8
Málaga,Spain,44.9,577405,36.7213028,-4.4216366,eu,48710567,1534.7
Bremen,Germany,57.4,563290,53.0758196,8.8071646,eu,49273857,1592.1
The Hague,Netherlands,21.6,562501,52.0799838,4.3113461,eu,49836358,1613.7
Genoa,Italy,26.3,560688,44.40726,8.9338624,eu,50397046,1640.0
Dresden,Germany,86.9,555351,51.0493286,13.7381437,eu,50952397,1726.8
Lisbon,Portugal,20.5,545923,38.7077507,-9.1365919,eu,51498320,1747.3
Poznań,Poland,84.0,545073,52.4006632,16.91973259,eu,52043393,1831.4
Antwerp,Belgium,16.9,536079,51.2211097,4.3997081,eu,52579472,1848.3
Hanover,Germany,44.8,535932,52.3744779,9.7385532,eu,53115404,1893.1
Lyon,France,16.3,522969,45.7578137,4.8320114,eu,53638373,1909.4
Nuremberg,Germany,30.4,510632,49.453872,11.077298,eu,54149005,1939.8
Duisburg,Germany,74.8,495152,51.434999,6.759562,eu,54644157,2014.6
Toulouse,France,19.9,493465,43.6044622,1.4442469,eu,55137622,2034.6
Gdańsk,Poland,40.8,486271,54.3481,18.6539,eu,55623893,2075.4
Bratislava,Slovakia,42.7,475044,48.1516988,17.1093063,eu,56098937,2118.1
Murcia,Spain,32.3,460349,37.9923795,-1.1305431,eu,56559286,2150.4
Tallinn,Estonia,149.0,437811,59.4372155,24.7453688,eu,56997097,2299.4
Palma de Mallorca,Spain,12.3,419366,39.5695818,2.6500745,eu,57416463,2311.7
Szczecin,Poland,80.5,394482,53.4301818,14.5509623,eu,57810945,2392.1
Bologna,Italy,80.5,392203,44.4938203,11.3426327,eu,58203148,2472.6
Iași,Romania,36.4,391024,47.1615416,27.5837224,eu,58594172,2509.0
Sintra,Portugal,19.5,385654,38.79932,-9.38532,eu,58979826,2528.5
Brno,Czech Republic,57.3,379466,49.1922443,16.6113382,eu,59359292,2585.8
Las Palmas,Spain,21.0,378675,28.1288694,-15.4349015,eu,59737967,2606.8
Florence,Italy,7.2,367150,43.7698712,11.2555757,eu,60105117,2614.0
Bochum,Germany,68.6,363441,51.4818111,7.2196635,eu,60468558,2682.6
Utrecht,Netherlands,32.1,367781,52.0907,5.12157,eu,60836339,2714.8
Aarhus,Denmark,33.0,355238,56.1496278,10.2134046,eu,61191577,2747.8
Wuppertal,Germany,32.8,354572,51.264018,7.1780374,eu,61546149,2780.6
Malmö,Sweden,39.0,351749,55.6052931,13.0001566,eu,61897898,2819.6
Bilbao,Spain,13.7,346405,43.2630018,-2.9350039,eu,62244303,2833.3
Plovdiv,Bulgaria,22.4,343070,42.1418541,24.7499297,eu,62587373,2855.6
Nice,France,11.9,342669,43.7009358,7.2683912,eu,62930042,2867.6
Varna,Bulgaria,27.7,341737,43.2073873,27.9166653,eu,63271779,2895.2
Alicante,Spain,25.7,337304,38.3436365,-0.4881708,eu,63609083,2921.0
Bydgoszcz,Poland,74.1,334026,53.1219648,18.0002529,eu,63943109,2995.1
Bielefeld,Germany,79.7,334002,52.0191005,8.531007,eu,64277111,3074.8
Lublin,Poland,72.3,332852,51.250559,22.5701022,eu,64609963,3147.1
Bonn,Germany,39.1,331885,50.735851,7.10066,eu,64941848,3186.3
Cluj-Napoca,Romania,21.0,328316,46.769379,23.5899542,eu,65270164,3207.3
Córdoba,Spain,30.5,322071,37.8845813,-4.7760138,eu,65592235,3237.7
Nantes,France,32.4,318808,47.2186371,-1.5541362,eu,65911043,3270.1
Timișoara,Romania,61.5,318296,45.7538355,21.2257474,eu,66229339,3331.6
Thessaloniki,Greece,12.1,317778,40.6403167,22.9352716,eu,66547117,3343.7
Münster,Germany,52.6,317713,51.9625101,7.6251879,eu,66864830,3396.3
Bari,Italy,37.2,316140,41.1257843,16.8620293,eu,67180970,3433.5
Mannheim,Germany,29.1,311831,49.4892913,8.4673098,eu,67492801,3462.6
Constanța,Romania,24.2,306607,44.1767161,28.6507598,eu,67799408,3486.8
Karlsruhe,Germany,43.3,306502,49.0068705,8.4034195,eu,68105910,3530.2
Kaunas,Lithuania,43.6,305120,54.8982139,23.9044817,eu,68411030,3573.7
Galați,Romania,7.7,304957,45.4338215,28.0549395,eu,68715987,3581.5
Vila Nova de Gaia,Portugal,24.7,303854,41.1300103,-8.6058415,eu,69019841,3606.1
